// Game: Disruptor
// Format: Standard
// entity 0
{
"classname" "worldspawn"
"_wad" "/home/kai/projects/disruptor/tools/Disruptor/texdata.wad"
"_bounce" "1"
"_sunlight" "300"
"_sunlight_color" "1 0.76862746 0.7529412"
"_dirt" "1"
"_sunlight_mangle" "-60 -25 0"
"_sunlight_color2" "1 0.76862746 0.7529412"
"_sunlight2" "200"
"_bouncescale" "8.5"
"_sunlight_penumbra" "2"
"_sunlight_dirt" "1"
"_dist" "1"
"_minlight" "30"
"_anglescale" "1"
"_sunlight3" "200"
"sunlight_color3" "1 0.76862746 0.7529412"
"_bouncecolorscale" "1"
// brush 0
{
( -2376 2567.03247312972 1159.2138976801834 ) ( -2376 -2768.9675268702804 1159.21389768019 ) ( -2376 -2768.96752687028 1151.2138976801903 ) sky1 8.967529 47.213867 0 1 1
( -2376 -2768.9675268702804 1159.21389768019 ) ( 3648 -2768.9675268702804 1159.21389768019 ) ( 3648 -2768.96752687028 1151.2138976801903 ) sky1 0 47.213867 0 1 1
( 3648 -2768.96752687028 1151.2138976801903 ) ( 3648 2567.03247312972 1151.2138976801834 ) ( -2376 2567.03247312972 1151.2138976801834 ) sky1 0 -8.967529 0 1 1
( -2376 2567.03247312972 1159.2138976801834 ) ( 3648 2567.03247312972 1159.2138976801834 ) ( 3648 -2768.9675268702804 1159.21389768019 ) sky1 0 -8.967529 0 1 1
( 3648 2567.03247312972 1151.2138976801834 ) ( 3648 2567.03247312972 1159.2138976801834 ) ( -2376 2567.03247312972 1159.2138976801834 ) sky1 0 47.213867 0 1 1
( 3648 -2768.9675268702804 1159.21389768019 ) ( 3648 2567.03247312972 1159.2138976801834 ) ( 3648 2567.03247312972 1151.2138976801834 ) sky1 8.967529 47.213867 0 1 1
}
// brush 1
{
( 2664 -2816 1168 ) ( 2664 2560 -1136 ) ( 2664 2560 1168 ) sky1 0 0 0 1 1
( 2920 -2816 1168 ) ( 2664 -2816 -1136 ) ( 2664 -2816 1168 ) sky1 0 0 0 1 1
( 2920 2560 -1136 ) ( 2664 -2816 -1136 ) ( 2920 -2816 -1136 ) sky1 0 0 0 1 1
( 2920 2560 1168 ) ( 2664 -2816 1168 ) ( 2664 2560 1168 ) sky1 0 0 0 1 1
( 2920 2560 1168 ) ( 2664 2560 -1136 ) ( 2920 2560 -1136 ) sky1 0 0 0 1 1
( 2920 2560 1168 ) ( 2920 -2816 -1136 ) ( 2920 -2816 1168 ) sky1 0 0 0 1 1
}
// brush 2
{
( -2304 -2176 1168 ) ( -2304 -1920 -1136 ) ( -2304 -1920 1168 ) sky1 -128 0 0 1 1
( 3328 -2176 1168 ) ( -2304 -2176 -1136 ) ( -2304 -2176 1168 ) sky1 0 0 0 1 1
( 3328 -1920 -1136 ) ( -2304 -2176 -1136 ) ( 3328 -2176 -1136 ) sky1 0 128 0 1 1
( 3328 -1920 1168 ) ( -2304 -2176 1168 ) ( -2304 -1920 1168 ) sky1 0 128 0 1 1
( 3328 -1920 1168 ) ( -2304 -1920 -1136 ) ( 3328 -1920 -1136 ) sky1 0 0 0 1 1
( 3328 -1920 1168 ) ( 3328 -2176 -1136 ) ( 3328 -2176 1168 ) sky1 -128 0 0 1 1
}
// brush 3
{
( -2304 640 1168 ) ( -2304 896 -1136 ) ( -2304 896 1168 ) sky1 -64 0 0 1 1
( 3328 640 1168 ) ( -2304 640 -1136 ) ( -2304 640 1168 ) sky1 0 0 0 1 1
( 3328 896 -1136 ) ( -2304 640 -1136 ) ( 3328 640 -1136 ) sky1 0 64 0 1 1
( 3328 896 1168 ) ( -2304 640 1168 ) ( -2304 896 1168 ) sky1 0 64 0 1 1
( 3328 896 1168 ) ( -2304 896 -1136 ) ( 3328 896 -1136 ) sky1 0 0 0 1 1
( 3328 896 1168 ) ( 3328 640 -1136 ) ( 3328 640 1168 ) sky1 -64 0 0 1 1
}
// brush 4
{
( -2560 -2816 1168 ) ( -2560 2560 -1136 ) ( -2560 2560 1168 ) sky1 0 0 0 1 1
( -2304 -2816 1168 ) ( -2560 -2816 -1136 ) ( -2560 -2816 1168 ) sky1 128 0 0 1 1
( -2304 2560 -1136 ) ( -2560 -2816 -1136 ) ( -2304 -2816 -1136 ) sky1 128 0 0 1 1
( -2304 2560 1168 ) ( -2560 -2816 1168 ) ( -2560 2560 1168 ) sky1 128 0 0 1 1
( -2304 2560 1168 ) ( -2560 2560 -1136 ) ( -2304 2560 -1136 ) sky1 128 0 0 1 1
( -2304 2560 1168 ) ( -2304 -2816 -1136 ) ( -2304 -2816 1168 ) sky1 0 0 0 1 1
}
// brush 5
{
( 288 240 16 ) ( 288 -528 16 ) ( 288 -528 0 ) ftconc01 -96 0 0 1 1
( 288 -528 16 ) ( 1280 -528 16 ) ( 1280 -528 0 ) ftconc01 0 0 0 1 1
( 1280 -528 0 ) ( 1280 240 0 ) ( 288 240 0 ) ftconc01 0 96 0 1 1
( 288 240 16 ) ( 1280 240 16 ) ( 1280 -528 16 ) ftconc01 0 96 0 1 1
( 1280 240 0 ) ( 1280 240 16 ) ( 288 240 16 ) ftconc01 0 0 0 1 1
( 1280 -528 16 ) ( 1280 240 16 ) ( 1280 240 0 ) ftconc01 -96 0 0 1 1
}
// brush 6
{
( -2376 2576 -1136 ) ( -2376 -2760 -1136 ) ( -2376 -2760 -1144 ) sky1 0 -136 0 1 1
( -2376 -2760 -1136 ) ( 3648 -2760 -1136 ) ( 3648 -2760 -1144 ) sky1 0 -136 0 1 1
( 3648 -2760 -1144 ) ( 3648 2576 -1144 ) ( -2376 2576 -1144 ) sky1 0 0 0 1 1
( -2376 2576 -1136 ) ( 3648 2576 -1136 ) ( 3648 -2760 -1136 ) sky1 0 0 0 1 1
( 3648 2576 -1144 ) ( 3648 2576 -1136 ) ( -2376 2576 -1136 ) sky1 0 -136 0 1 1
( 3648 -2760 -1136 ) ( 3648 2576 -1136 ) ( 3648 2576 -1144 ) sky1 0 -136 0 1 1
}
}
// entity 1
{
"classname" "func_forcefield"
"trigger_group" "0"
"on_trigger" "0"
"_phong" "0"
"_phong_angle" "88"
// brush 0
{
( 784 -512 192 ) ( 784 -496 16 ) ( 784 -496 192 ) {ff 0 0 0 1 1
( 1056 -512 192 ) ( 784 -512 16 ) ( 784 -512 192 ) {ff 0 0 0 1 1
( 1056 -496 16 ) ( 784 -512 16 ) ( 1056 -512 16 ) {ff 0 0 0 1 1
( 1056 -496 192 ) ( 784 -512 192 ) ( 784 -496 192 ) {ff 0 0 0 1 1
( 1056 -496 192 ) ( 784 -496 16 ) ( 1056 -496 16 ) {ff 0 0 0 1 1
( 1056 -496 192 ) ( 1056 -512 16 ) ( 1056 -512 192 ) {ff 0 0 0 1 1
}
}
// entity 2
{
"classname" "info_player_start"
"origin" "512 -160 40"
"enum_id" "0"
"angle" "0"
}
// entity 3
{
"classname" "func_group"
"_tb_type" "_tb_layer"
"_tb_name" "NavLayer"
"_tb_id" "1"
"_tb_layer_sort_index" "0"
}
// entity 4
{
"classname" "func_group"
"_tb_type" "_tb_layer"
"_tb_name" "LightLayer"
"_tb_id" "3"
"_tb_layer_sort_index" "1"
}
